93 94 78 81 100 74 
85 81 91 81 85 86 90 
92 85 84 71 91 74 86 90 86 84 100 87 71 80 70 
85 92 84 74 94 86 79 83 91 87 
76 83 90 68 80 75 78 79 89 85 82 
88 85 90 83 75 99 89 
83 90 88 76 82 78 79 94 89 68 79 79 85 74 83 
91 93 86 85 71 78 
81 74 80 80 89 60 
75 88 69 86 94 89 90 76 79 88 96 79 85 87 76 88 76 84 91 74 89 88 
86 87 67 89 85 85 
81 94 81 95 84 92 80 
95 75 94 87 68 78 87 77 70 79 93 97 91 
92 70 84 91 75 77 
68 92 92 75 95 89 96 80 90 
90 73 88 83 97 91 94 
73 92 96 88 81 77 61 77 
69 65 90 82 80 76 88 
79 93 84 82 85 81 74 
87 83 82 81 96 65 74 87 
87 91 91 83 89 81 82 