93 94 78 di 81 cm 100 74 of 
85 81 91 81 kj 85 86 90 
92 85 84 71 91 74 86 cmi 90 86 84 100 87 71 80 yy 70
dh 85 92 wj 84 74 94 86 79 dau 83 ne 91 eq 87
76 83 90 68 80 75 78 79 89 85 82 
88 zb 85 if 90 83 cq 75 99 89 
83 esg 90 88 76 82 78 79 94 89 68 79 79 85 74 83 
91 93 86 85 71 huj 78 
81 kt 74 80 80 89 yj 60 
io 75 88 zn 69 86 94 89 90 76 79 88 tac 96 79 85 az 87 76 88 76 84 91 74 89 dg 88 
86 87 67 89 hrk 85 85 
81 94 81 zk 95 84 92 rsp 80 
95 75 94 hg 87 pa 68 78 87 77 70 79 xnf 93 97 91 
92 70 wu 84 91 75 77 
68 92 92 75 tw 95 st 89 96 uq 80 lf 90 
90 73 88 83 qj 97 qeb 91 94 
73 qz 92 96 88 ay 81 77 61 te 77 
gyd 69 65 90 82 80 76 88 
79 93 84 az 82 85 81 74 
87 83 82 81 nl 96 65 jnt 74 87 
87 91 nm 91 83 89 81 82 gbp